delays_exp1 = [10 , 11 , 12 , 16 , 17 , 18 , 19, 21 , 22 , 27 , 89 , 225 , 361 , 497 , 633 , 770 , 904 , 1040, 1176, 1313, 1449, 1585, 1721, 1857, 1994, 2130, 2265, 2401, 2537, 2673, 2808, 2944 ,3081, 3217, 3353, 3489, 3625, 3760, 3898, 4033, 4168, 4304 , 4440];
delays_exp2 = [45 ,47 ,47 ,48 ,49 ,50 ,51 ,52 ,57 ,58 , 123 , 260 , 395 , 531 , 667 , 803 , 940 , 1076, 1212, 1347, 1483, 1619, 1755, 1891, 2026, 2162, 2298, 2435, 2571, 2707, 2843, 2979, 3114, 3250, 3382, 3518, 3654, 3790, 3926, 4062, 4198, 4334, 4470];
delays_exp3 = [132 ,141 ,142 ,143 ,144 ,145 ,149 ,153 ,155 , 156 , 219 , 352 ,484, 619 , 755 , 890 , 1032, 1171, 1301, 1434, 1577, 1709, 1851, 1984, 2120, 2254, 2387, 2530, 2658, 2795, 2932, 3075, 3205, 3338, 3481, 3612, 3746, 3887, 4025, 4157, 4298, 4434, 4562];
packet = [ 1 , 2 , 3 , 4 , 5 , 6 , 7 , 8, 9, 10 , 11, 12, 13, 14, 15, 16, 17, 18, 19, 20, 21, 22, 23, 24, 25, 26, 27, 28, 29, 30, 31, 32, 33, 34, 35, 36, 37, 38, 39, 40, 41, 42,43];


ax1 = subplot(2,1,2)
title(ax1,' Packet vs Delay Graph | Exp:1 = R, Exp:2 = G , Exp:3 = B ')
ylabel(ax1,'delay(ms)')
xlabel(ax1,'packet number')
plot(ax1,packet,delays_exp1,'r',packet,delays_exp2,'g',packet,delays_exp3,'b')
